Number of cases assigned = 29 out of 30:
Cases assigned:  [1, 2, 3, 4, 5, 6, 7, 8, 9, 10, 11, 12, 13, 14, 15, 16, 17, 18, 19, 20, 21, 22, 23, 24, 26, 27, 28, 29, 30]
Number of cases missed = 1 out of 30:
Cases missed:  [25]
     Case  Session  Session Date  Case Deadline  Days before deadline   Start  Assignment
0       1     1001        737579         737613                    34  1035.0         1.0
7       2     1004        737601         737623                    22   710.0         1.0
9       3     1002        737586         737581                    -5  1035.0         1.0
12      4     1001        737579         737604                    25   990.0         1.0
17      5     1002        737586         737628                    42   990.0         1.0
21      6     1002        737586         737609                    23   855.0         1.0
25      7     1002        737586         737609                    23   810.0         1.0
29      8     1002        737586         737587                     1   780.0         1.0
34      9     1003        737593         737610                    17  1010.0         1.0
37     10     1002        737586         737620                    34   735.0         1.0
41     11     1002        737586         737612                    26   690.0         1.0
45     12     1002        737586         737622                    36   645.0         1.0
51     13     1004        737601         737638                    37   610.0         1.0
54     14     1003        737593         737591                    -2   940.0         1.0
56     15     1001        737579         737596                    17   920.0         1.0
62     16     1003        737593         737594                     1   895.0         1.0
65     17     1002        737586         737626                    40   600.0         1.0
68     18     1001        737579         737610                    31   820.0         1.0
72     19     1001        737579         737591                    12   700.0         1.0
78     20     1003        737593         737619                    26   760.0         1.0
82     21     1003        737593         737610                    17   715.0         1.0
86     22     1003        737593         737604                    11   670.0         1.0
89     23     1002        737586         737628                    42   555.0         1.0
93     24     1002        737586         737612                    26   510.0         1.0
102    26     1003        737593         737620                    27   625.0         1.0
106    27     1003        737593         737612                    19   580.0         1.0
111    28     1004        737601         737622                    21   565.0         1.0
112    29     1001        737579         737617                    38   600.0         1.0
118    30     1003        737593         737603                    10   510.0         1.0